1850 2.5 -0.3435
1850 7.5 -0.3334
1850 12.5 -0.3421
1850 17.5 -0.4148
1850 22.5 -0.5411
1850 27.5 -0.6464
1850 32.5 -0.6240
1850 37.5 -0.6283
1850 42.5 -0.6890
1850 47.5 -0.6938
1850 52.5 -0.7355
1850 57.5 -0.7333
1850 62.5 -0.6663
1850 67.5 -0.5933
1850 72.5 -0.5039
1850 77.5 -0.5980
1850 82.5 -0.6933
1850 87.5 -0.7254
1851 2.5 -0.3640
1851 7.5 -0.4053
1851 12.5 -0.3932
1851 17.5 -0.3628
1851 22.5 -0.3997
1851 27.5 -0.4253
1851 32.5 -0.4224
1851 37.5 -0.4131
1851 42.5 -0.4606
1851 47.5 -0.4592
1851 52.5 -0.4420
1851 57.5 -0.2777
1851 62.5 -0.0924
1851 67.5 0.0187
1851 72.5 0.0548
1851 77.5 0.0535
1851 82.5 0.0047
1851 87.5 -0.1253
1852 2.5 -0.1919
1852 7.5 -0.1811
1852 12.5 -0.1309
1852 17.5 -0.1023
1852 22.5 -0.2083
1852 27.5 -0.3018
1852 32.5 -0.3623
1852 37.5 -0.4861
1852 42.5 -0.6238
1852 47.5 -0.6221
1852 52.5 -0.5801
1852 57.5 -0.4495
1852 62.5 -0.2935
1852 67.5 -0.2112
1852 72.5 -0.1116
1852 77.5 -0.2816
1852 82.5 -0.4844
1852 87.5 -0.4226
1853 2.5 -0.1794
1853 7.5 -0.1611
1853 12.5 -0.1583
1853 17.5 -0.1643
1853 22.5 -0.2416
1853 27.5 -0.3075
1853 32.5 -0.3620
1853 37.5 -0.4114
1853 42.5 -0.5858
1853 47.5 -0.7579
1853 52.5 -0.8729
1853 57.5 -0.7558
1853 62.5 -0.5300
1853 67.5 -0.3135
1853 72.5 -0.1948
1853 77.5 -0.0220
1853 82.5 0.0599
1853 87.5 -0.0138
1854 2.5 -0.2234
1854 7.5 -0.1731
1854 12.5 -0.1613
1854 17.5 -0.2222
1854 22.5 -0.3037
1854 27.5 -0.3759
1854 32.5 -0.3651
1854 37.5 -0.2871
1854 42.5 -0.2481
1854 47.5 -0.2942
1854 52.5 -0.2913
1854 57.5 -0.2727
1854 62.5 -0.3191
1854 67.5 -0.3784
1854 72.5 -0.4388
1854 77.5 -0.3222
1854 82.5 -0.2105
1854 87.5 -0.1986
1855 2.5 -0.1366
1855 7.5 -0.1454
1855 12.5 -0.1510
1855 17.5 -0.2498
1855 22.5 -0.3467
1855 27.5 -0.3745
1855 32.5 -0.3305
1855 37.5 -0.2574
1855 42.5 -0.1594
1855 47.5 -0.1121
1855 52.5 -0.2039
1855 57.5 -0.2760
1855 62.5 -0.5646
1855 67.5 -0.7073
1855 72.5 -0.7149
1855 77.5 -0.6112
1855 82.5 -0.5253
1855 87.5 -0.4495
1856 2.5 -0.3949
1856 7.5 -0.3618
1856 12.5 -0.3534
1856 17.5 -0.3641
1856 22.5 -0.4302
1856 27.5 -0.5158
1856 32.5 -0.5997
1856 37.5 -0.6866
1856 42.5 -0.6627
1856 47.5 -0.5563
1856 52.5 -0.4797
1856 57.5 -0.5267
1856 62.5 -0.5693
1856 67.5 -0.3815
1856 72.5 -0.1401
1856 77.5 -0.3604
1856 82.5 -0.5666
1856 87.5 -0.5514
1857 2.5 -0.5176
1857 7.5 -0.5878
1857 12.5 -0.5806
1857 17.5 -0.5735
1857 22.5 -0.6157
1857 27.5 -0.6655
1857 32.5 -0.7165
1857 37.5 -0.7935
1857 42.5 -0.8088
1857 47.5 -0.7608
1857 52.5 -0.6514
1857 57.5 -0.5214
1857 62.5 -0.5570
1857 67.5 -0.5580
1857 72.5 -0.4870
1857 77.5 -0.6392
1857 82.5 -0.8165
1857 87.5 -0.7863
1858 2.5 -0.4132
1858 7.5 -0.4690
1858 12.5 -0.4369
1858 17.5 -0.4061
1858 22.5 -0.4113
1858 27.5 -0.4220
1858 32.5 -0.4860
1858 37.5 -0.5011
1858 42.5 -0.4972
1858 47.5 -0.4952
1858 52.5 -0.4409
1858 57.5 -0.3321
1858 62.5 -0.2761
1858 67.5 -0.2322
1858 72.5 -0.2482
1858 77.5 -0.2151
1858 82.5 -0.2622
1858 87.5 -0.3120
1859 2.5 -0.3473
1859 7.5 -0.4064
1859 12.5 -0.4345
1859 17.5 -0.4874
1859 22.5 -0.5635
1859 27.5 -0.5661
1859 32.5 -0.5408
1859 37.5 -0.4440
1859 42.5 -0.3470
1859 47.5 -0.2683
1859 52.5 -0.2282
1859 57.5 -0.1968
1859 62.5 -0.2505
1859 67.5 -0.3834
1859 72.5 -0.5382
1859 77.5 -0.5978
1859 82.5 -0.6431
1859 87.5 -0.5864
1860 2.5 -0.4598
1860 7.5 -0.4848
1860 12.5 -0.5184
1860 17.5 -0.5657
1860 22.5 -0.5620
1860 27.5 -0.4975
1860 32.5 -0.4356
1860 37.5 -0.4528
1860 42.5 -0.5554
1860 47.5 -0.6615
1860 52.5 -0.7859
1860 57.5 -0.8444
1860 62.5 -0.7757
1860 67.5 -0.5521
1860 72.5 -0.3681
1860 77.5 -0.2887
1860 82.5 -0.2318
1860 87.5 -0.2321
1861 2.5 -0.5873
1861 7.5 -0.5665
1861 12.5 -0.5224
1861 17.5 -0.5297
1861 22.5 -0.5825
1861 27.5 -0.5384
1861 32.5 -0.4860
1861 37.5 -0.4646
1861 42.5 -0.5446
1861 47.5 -0.6897
1861 52.5 -0.7419
1861 57.5 -0.7630
1861 62.5 -0.7747
1861 67.5 -0.7357
1861 72.5 -0.7991
1861 77.5 -0.7174
1861 82.5 -0.5913
1861 87.5 -0.5564
1862 2.5 -0.4976
1862 7.5 -0.5773
1862 12.5 -0.6269
1862 17.5 -0.7132
1862 22.5 -0.7985
1862 27.5 -0.7373
1862 32.5 -0.6690
1862 37.5 -0.7315
1862 42.5 -0.8348
1862 47.5 -0.9753
1862 52.5 -1.1861
1862 57.5 -1.2768
1862 62.5 -1.3214
1862 67.5 -1.2480
1862 72.5 -1.1678
1862 77.5 -1.1967
1862 82.5 -1.1514
1862 87.5 -1.1041
1863 2.5 -0.4805
1863 7.5 -0.5747
1863 12.5 -0.6213
1863 17.5 -0.6231
1863 22.5 -0.6551
1863 27.5 -0.6188
1863 32.5 -0.5394
1863 37.5 -0.3908
1863 42.5 -0.1694
1863 47.5 -0.0256
1863 52.5 0.0032
1863 57.5 -0.0883
1863 62.5 -0.3056
1863 67.5 -0.5763
1863 72.5 -0.8589
1863 77.5 -0.7803
1863 82.5 -0.6905
1863 87.5 -0.5645
1864 2.5 -0.3789
1864 7.5 -0.3800
1864 12.5 -0.3689
1864 17.5 -0.3876
1864 22.5 -0.4064
1864 27.5 -0.4230
1864 32.5 -0.5015
1864 37.5 -0.5361
1864 42.5 -0.5377
1864 47.5 -0.5967
1864 52.5 -0.5875
1864 57.5 -0.4630
1864 62.5 -0.4924
1864 67.5 -0.4572
1864 72.5 -0.4152
1864 77.5 -0.4069
1864 82.5 -0.4344
1864 87.5 -0.3876
1865 2.5 -0.2103
1865 7.5 -0.2219
1865 12.5 -0.2697
1865 17.5 -0.3523
1865 22.5 -0.3802
1865 27.5 -0.3556
1865 32.5 -0.3768
1865 37.5 -0.4172
1865 42.5 -0.4408
1865 47.5 -0.4849
1865 52.5 -0.5320
1865 57.5 -0.4464
1865 62.5 -0.4257
1865 67.5 -0.4041
1865 72.5 -0.4113
1865 77.5 -0.5455
1865 82.5 -0.6044
1865 87.5 -0.5128
1866 2.5 -0.2285
1866 7.5 -0.2623
1866 12.5 -0.2608
1866 17.5 -0.3143
1866 22.5 -0.3423
1866 27.5 -0.3340
1866 32.5 -0.3500
1866 37.5 -0.3262
1866 42.5 -0.2644
1866 47.5 -0.2200
1866 52.5 -0.1593
1866 57.5 -0.0839
1866 62.5 -0.2189
1866 67.5 -0.3644
1866 72.5 -0.4761
1866 77.5 -0.7403
1866 82.5 -0.7422
1866 87.5 -0.5871
1867 2.5 -0.2108
1867 7.5 -0.1741
1867 12.5 -0.1753
1867 17.5 -0.1778
1867 22.5 -0.1707
1867 27.5 -0.1804
1867 32.5 -0.1923
1867 37.5 -0.2202
1867 42.5 -0.2355
1867 47.5 -0.2621
1867 52.5 -0.3607
1867 57.5 -0.4810
1867 62.5 -0.5769
1867 67.5 -0.4616
1867 72.5 -0.2998
1867 77.5 -0.4149
1867 82.5 -0.4026
1867 87.5 -0.2150
1868 2.5 -0.0795
1868 7.5 -0.0456
1868 12.5 -0.1095
1868 17.5 -0.2860
1868 22.5 -0.3797
1868 27.5 -0.3654
1868 32.5 -0.3790
1868 37.5 -0.4073
1868 42.5 -0.3918
1868 47.5 -0.3501
1868 52.5 -0.3019
1868 57.5 -0.1511
1868 62.5 -0.1637
1868 67.5 -0.2971
1868 72.5 -0.5264
1868 77.5 -0.7009
1868 82.5 -0.7177
1868 87.5 -0.6457
1869 2.5 -0.1698
1869 7.5 -0.1023
1869 12.5 -0.0918
1869 17.5 -0.1150
1869 22.5 -0.1853
1869 27.5 -0.2737
1869 32.5 -0.3807
1869 37.5 -0.4311
1869 42.5 -0.4161
1869 47.5 -0.3216
1869 52.5 -0.2165
1869 57.5 -0.0660
1869 62.5 -0.0097
1869 67.5 -0.0689
1869 72.5 -0.1344
1869 77.5 -0.0315
1869 82.5 -0.0304
1869 87.5 0.0197
1870 2.5 -0.3476
1870 7.5 -0.2673
1870 12.5 -0.1664
1870 17.5 -0.1522
1870 22.5 -0.1869
1870 27.5 -0.2400
1870 32.5 -0.3230
1870 37.5 -0.3716
1870 42.5 -0.4243
1870 47.5 -0.5111
1870 52.5 -0.6059
1870 57.5 -0.5950
1870 62.5 -0.5452
1870 67.5 -0.4453
1870 72.5 -0.3443
1870 77.5 -0.3288
1870 82.5 -0.2638
1870 87.5 -0.2242
1871 2.5 -0.2474
1871 7.5 -0.2539
1871 12.5 -0.2509
1871 17.5 -0.2690
1871 22.5 -0.2813
1871 27.5 -0.2661
1871 32.5 -0.2531
1871 37.5 -0.2942
1871 42.5 -0.3932
1871 47.5 -0.5768
1871 52.5 -0.6870
1871 57.5 -0.6837
1871 62.5 -0.7702
1871 67.5 -0.6922
1871 72.5 -0.5894
1871 77.5 -0.4933
1871 82.5 -0.4818
1871 87.5 -0.4337
1872 2.5 -0.2371
1872 7.5 -0.2611
1872 12.5 -0.2748
1872 17.5 -0.3081
1872 22.5 -0.3427
1872 27.5 -0.3413
1872 32.5 -0.3682
1872 37.5 -0.4109
1872 42.5 -0.4678
1872 47.5 -0.4583
1872 52.5 -0.4662
1872 57.5 -0.4712
1872 62.5 -0.4077
1872 67.5 -0.2652
1872 72.5 -0.1860
1872 77.5 -0.2849
1872 82.5 -0.2848
1872 87.5 -0.2635
1873 2.5 -0.3005
1873 7.5 -0.3191
1873 12.5 -0.3381
1873 17.5 -0.3506
1873 22.5 -0.3564
1873 27.5 -0.3145
1873 32.5 -0.2543
1873 37.5 -0.2631
1873 42.5 -0.2771
1873 47.5 -0.2483
1873 52.5 -0.2685
1873 57.5 -0.2977
1873 62.5 -0.3891
1873 67.5 -0.4271
1873 72.5 -0.3706
1873 77.5 -0.4120
1873 82.5 -0.4542
1873 87.5 -0.3662
1874 2.5 -0.5326
1874 7.5 -0.5380
1874 12.5 -0.5358
1874 17.5 -0.5119
1874 22.5 -0.4956
1874 27.5 -0.4653
1874 32.5 -0.3909
1874 37.5 -0.3287
1874 42.5 -0.2435
1874 47.5 -0.1646
1874 52.5 -0.0785
1874 57.5 0.0824
1874 62.5 0.1848
1874 67.5 0.1024
1874 72.5 0.0191
1874 77.5 0.0135
1874 82.5 -0.0172
1874 87.5 -0.0027
1875 2.5 -0.3875
1875 7.5 -0.4578
1875 12.5 -0.4608
1875 17.5 -0.4662
1875 22.5 -0.4178
1875 27.5 -0.3561
1875 32.5 -0.3298
1875 37.5 -0.3640
1875 42.5 -0.4863
1875 47.5 -0.6711
1875 52.5 -0.8128
1875 57.5 -0.7933
1875 62.5 -0.7001
1875 67.5 -0.5570
1875 72.5 -0.4321
1875 77.5 -0.3961
1875 82.5 -0.3693
1875 87.5 -0.3444
1876 2.5 -0.4202
1876 7.5 -0.4260
1876 12.5 -0.4254
1876 17.5 -0.4292
1876 22.5 -0.4601
1876 27.5 -0.4684
1876 32.5 -0.4257
1876 37.5 -0.3721
1876 42.5 -0.3430
1876 47.5 -0.3790
1876 52.5 -0.4513
1876 57.5 -0.5504
1876 62.5 -0.6428
1876 67.5 -0.5593
1876 72.5 -0.5185
1876 77.5 -0.4170
1876 82.5 -0.3578
1876 87.5 -0.2958
1877 2.5 0.2584
1877 7.5 0.1982
1877 12.5 0.1513
1877 17.5 0.0847
1877 22.5 -0.0032
1877 27.5 -0.0610
1877 32.5 -0.1309
1877 37.5 -0.1577
1877 42.5 -0.1341
1877 47.5 0.0016
1877 52.5 0.0700
1877 57.5 0.0766
1877 62.5 -0.0800
1877 67.5 -0.1116
1877 72.5 -0.1127
1877 77.5 -0.1248
1877 82.5 -0.1289
1877 87.5 -0.0043
1878 2.5 0.2925
1878 7.5 0.2877
1878 12.5 0.2738
1878 17.5 0.2406
1878 22.5 0.1339
1878 27.5 -0.0486
1878 32.5 -0.1934
1878 37.5 -0.2603
1878 42.5 -0.2063
1878 47.5 0.0561
1878 52.5 0.3478
1878 57.5 0.4741
1878 62.5 0.4787
1878 67.5 0.5255
1878 72.5 0.4886
1878 77.5 0.4268
1878 82.5 0.3093
1878 87.5 0.3521
1879 2.5 -0.3736
1879 7.5 -0.3216
1879 12.5 -0.2416
1879 17.5 -0.1973
1879 22.5 -0.1820
1879 27.5 -0.1649
1879 32.5 -0.0847
1879 37.5 -0.0846
1879 42.5 -0.2309
1879 47.5 -0.4580
1879 52.5 -0.6313
1879 57.5 -0.6624
1879 62.5 -0.6511
1879 67.5 -0.5354
1879 72.5 -0.3822
1879 77.5 -0.2077
1879 82.5 -0.0910
1879 87.5 -0.0679
1880 2.5 -0.3197
1880 7.5 -0.3097
1880 12.5 -0.3377
1880 17.5 -0.3961
1880 22.5 -0.4346
1880 27.5 -0.4267
1880 32.5 -0.4219
1880 37.5 -0.4430
1880 42.5 -0.4312
1880 47.5 -0.4992
1880 52.5 -0.5023
1880 57.5 -0.4079
1880 62.5 -0.4168
1880 67.5 -0.5198
1880 72.5 -0.4854
1880 77.5 -0.5232
1880 82.5 -0.5919
1880 87.5 -0.5112
1881 2.5 -0.0895
1881 7.5 -0.1019
1881 12.5 -0.1214
1881 17.5 -0.1628
1881 22.5 -0.2228
1881 27.5 -0.2779
1881 32.5 -0.2929
1881 37.5 -0.3007
1881 42.5 -0.3440
1881 47.5 -0.3930
1881 52.5 -0.4059
1881 57.5 -0.4057
1881 62.5 -0.5222
1881 67.5 -0.5370
1881 72.5 -0.5980
1881 77.5 -0.6110
1881 82.5 -0.5234
1881 87.5 -0.3877
1882 2.5 -0.3199
1882 7.5 -0.3238
1882 12.5 -0.3284
1882 17.5 -0.3418
1882 22.5 -0.3466
1882 27.5 -0.3590
1882 32.5 -0.3242
1882 37.5 -0.3036
1882 42.5 -0.2731
1882 47.5 -0.2362
1882 52.5 -0.1897
1882 57.5 -0.2458
1882 62.5 -0.5462
1882 67.5 -0.8394
1882 72.5 -1.0238
1882 77.5 -0.9910
1882 82.5 -0.8982
1882 87.5 -0.7656
1883 2.5 -0.3252
1883 7.5 -0.3447
1883 12.5 -0.3610
1883 17.5 -0.3933
1883 22.5 -0.4090
1883 27.5 -0.3956
1883 32.5 -0.3257
1883 37.5 -0.3692
1883 42.5 -0.4746
1883 47.5 -0.6029
1883 52.5 -0.6431
1883 57.5 -0.5793
1883 62.5 -0.5465
1883 67.5 -0.3527
1883 72.5 -0.1600
1883 77.5 0.2126
1883 82.5 0.4055
1883 87.5 0.3913
1884 2.5 -0.4463
1884 7.5 -0.4833
1884 12.5 -0.5209
1884 17.5 -0.5625
1884 22.5 -0.5805
1884 27.5 -0.5889
1884 32.5 -0.6122
1884 37.5 -0.6282
1884 42.5 -0.6014
1884 47.5 -0.6587
1884 52.5 -0.6865
1884 57.5 -0.6196
1884 62.5 -0.7659
1884 67.5 -0.8607
1884 72.5 -0.7606
1884 77.5 -0.6840
1884 82.5 -0.7226
1884 87.5 -0.6900
1885 2.5 -0.2250
1885 7.5 -0.2483
1885 12.5 -0.2917
1885 17.5 -0.3817
1885 22.5 -0.4716
1885 27.5 -0.5750
1885 32.5 -0.6461
1885 37.5 -0.5762
1885 42.5 -0.4684
1885 47.5 -0.4655
1885 52.5 -0.5733
1885 57.5 -0.6921
1885 62.5 -0.9390
1885 67.5 -1.0334
1885 72.5 -0.8296
1885 77.5 -0.8546
1885 82.5 -0.8847
1885 87.5 -0.8316
1886 2.5 -0.3935
1886 7.5 -0.3971
1886 12.5 -0.3873
1886 17.5 -0.4591
1886 22.5 -0.5976
1886 27.5 -0.6760
1886 32.5 -0.6152
1886 37.5 -0.4886
1886 42.5 -0.3169
1886 47.5 -0.2729
1886 52.5 -0.3825
1886 57.5 -0.5334
1886 62.5 -0.8535
1886 67.5 -1.2607
1886 72.5 -1.5035
1886 77.5 -1.3299
1886 82.5 -1.1808
1886 87.5 -1.1030
1887 2.5 -0.5180
1887 7.5 -0.5624
1887 12.5 -0.5249
1887 17.5 -0.5100
1887 22.5 -0.5267
1887 27.5 -0.5257
1887 32.5 -0.4616
1887 37.5 -0.4223
1887 42.5 -0.4140
1887 47.5 -0.4667
1887 52.5 -0.4777
1887 57.5 -0.4707
1887 62.5 -0.8373
1887 67.5 -1.2528
1887 72.5 -1.4120
1887 77.5 -1.4040
1887 82.5 -1.3981
1887 87.5 -1.3860
1888 2.5 -0.0651
1888 7.5 -0.1029
1888 12.5 -0.1275
1888 17.5 -0.1573
1888 22.5 -0.2417
1888 27.5 -0.3319
1888 32.5 -0.3615
1888 37.5 -0.3803
1888 42.5 -0.4052
1888 47.5 -0.3861
1888 52.5 -0.3449
1888 57.5 -0.3801
1888 62.5 -0.7288
1888 67.5 -0.9242
1888 72.5 -0.9143
1888 77.5 -0.8096
1888 82.5 -0.7261
1888 87.5 -0.6127
1889 2.5 -0.0157
1889 7.5 -0.0901
1889 12.5 -0.1397
1889 17.5 -0.1701
1889 22.5 -0.2267
1889 27.5 -0.2851
1889 32.5 -0.3145
1889 37.5 -0.3351
1889 42.5 -0.3371
1889 47.5 -0.3846
1889 52.5 -0.3835
1889 57.5 -0.1815
1889 62.5 -0.0491
1889 67.5 -0.1935
1889 72.5 -0.4410
1889 77.5 -0.3772
1889 82.5 -0.4025
1889 87.5 -0.4910
1890 2.5 -0.5817
1890 7.5 -0.5746
1890 12.5 -0.5443
1890 17.5 -0.5573
1890 22.5 -0.5685
1890 27.5 -0.5283
1890 32.5 -0.4105
1890 37.5 -0.2930
1890 42.5 -0.2802
1890 47.5 -0.3566
1890 52.5 -0.4515
1890 57.5 -0.5870
1890 62.5 -0.7384
1890 67.5 -0.8274
1890 72.5 -0.8864
1890 77.5 -0.6105
1890 82.5 -0.4725
1890 87.5 -0.4942
1891 2.5 -0.2306
1891 7.5 -0.2154
1891 12.5 -0.2453
1891 17.5 -0.2889
1891 22.5 -0.3670
1891 27.5 -0.4329
1891 32.5 -0.4257
1891 37.5 -0.4261
1891 42.5 -0.4152
1891 47.5 -0.3487
1891 52.5 -0.3430
1891 57.5 -0.4163
1891 62.5 -0.5613
1891 67.5 -0.7720
1891 72.5 -0.9187
1891 77.5 -0.9249
1891 82.5 -0.9093
1891 87.5 -0.9359
1892 2.5 -0.5212
1892 7.5 -0.5111
1892 12.5 -0.5353
1892 17.5 -0.5329
1892 22.5 -0.5092
1892 27.5 -0.3974
1892 32.5 -0.2978
1892 37.5 -0.2977
1892 42.5 -0.3741
1892 47.5 -0.4660
1892 52.5 -0.5779
1892 57.5 -0.5642
1892 62.5 -0.5720
1892 67.5 -0.6952
1892 72.5 -0.7679
1892 77.5 -0.6689
1892 82.5 -0.6514
1892 87.5 -0.6532
1893 2.5 -0.6035
1893 7.5 -0.5714
1893 12.5 -0.5305
1893 17.5 -0.5178
1893 22.5 -0.5812
1893 27.5 -0.5980
1893 32.5 -0.5419
1893 37.5 -0.5158
1893 42.5 -0.5195
1893 47.5 -0.5016
1893 52.5 -0.4188
1893 57.5 -0.3964
1893 62.5 -0.3943
1893 67.5 -0.4267
1893 72.5 -0.3747
1893 77.5 -0.3892
1893 82.5 -0.4670
1893 87.5 -0.4816
1894 2.5 -0.5644
1894 7.5 -0.6545
1894 12.5 -0.6764
1894 17.5 -0.6515
1894 22.5 -0.5493
1894 27.5 -0.4207
1894 32.5 -0.3144
1894 37.5 -0.2150
1894 42.5 -0.1404
1894 47.5 -0.2055
1894 52.5 -0.1985
1894 57.5 -0.1914
1894 62.5 -0.4575
1894 67.5 -0.6697
1894 72.5 -0.8755
1894 77.5 -0.8135
1894 82.5 -0.8063
1894 87.5 -0.8592
1895 2.5 -0.2279
1895 7.5 -0.2800
1895 12.5 -0.3180
1895 17.5 -0.3195
1895 22.5 -0.3276
1895 27.5 -0.3537
1895 32.5 -0.4170
1895 37.5 -0.4465
1895 42.5 -0.4461
1895 47.5 -0.4463
1895 52.5 -0.4085
1895 57.5 -0.3859
1895 62.5 -0.5789
1895 67.5 -0.6222
1895 72.5 -0.5945
1895 77.5 -0.4862
1895 82.5 -0.4106
1895 87.5 -0.3379
1896 2.5 0.0161
1896 7.5 -0.0755
1896 12.5 -0.1705
1896 17.5 -0.2320
1896 22.5 -0.2984
1896 27.5 -0.3017
1896 32.5 -0.3089
1896 37.5 -0.3201
1896 42.5 -0.3803
1896 47.5 -0.5009
1896 52.5 -0.4710
1896 57.5 -0.3094
1896 62.5 -0.4729
1896 67.5 -0.7140
1896 72.5 -0.9234
1896 77.5 -0.8452
1896 82.5 -0.8593
1896 87.5 -0.9422
1897 2.5 0.0182
1897 7.5 -0.0247
1897 12.5 -0.0878
1897 17.5 -0.1208
1897 22.5 -0.1888
1897 27.5 -0.2666
1897 32.5 -0.3516
1897 37.5 -0.4274
1897 42.5 -0.4431
1897 47.5 -0.4777
1897 52.5 -0.4604
1897 57.5 -0.3897
1897 62.5 -0.3011
1897 67.5 -0.2356
1897 72.5 -0.1677
1897 77.5 -0.0579
1897 82.5 0.0096
1897 87.5 -0.0091
1898 2.5 -0.4217
1898 7.5 -0.3930
1898 12.5 -0.3317
1898 17.5 -0.2941
1898 22.5 -0.2859
1898 27.5 -0.2971
1898 32.5 -0.3631
1898 37.5 -0.4053
1898 42.5 -0.4061
1898 47.5 -0.3214
1898 52.5 -0.2585
1898 57.5 -0.2508
1898 62.5 -0.5635
1898 67.5 -0.8138
1898 72.5 -0.8760
1898 77.5 -0.8402
1898 82.5 -0.7051
1898 87.5 -0.5467
1899 2.5 -0.1335
1899 7.5 -0.1709
1899 12.5 -0.2267
1899 17.5 -0.2639
1899 22.5 -0.2908
1899 27.5 -0.3041
1899 32.5 -0.2825
1899 37.5 -0.2340
1899 42.5 -0.1755
1899 47.5 -0.1108
1899 52.5 -0.0390
1899 57.5 -0.0586
1899 62.5 -0.3825
1899 67.5 -0.6603
1899 72.5 -0.6413
1899 77.5 -0.5316
1899 82.5 -0.3816
1899 87.5 -0.2229
1900 2.5 0.1234
1900 7.5 0.0894
1900 12.5 0.0169
1900 17.5 -0.0493
1900 22.5 -0.1061
1900 27.5 -0.1746
1900 32.5 -0.2522
1900 37.5 -0.2705
1900 42.5 -0.2183
1900 47.5 -0.1883
1900 52.5 -0.1551
1900 57.5 -0.0742
1900 62.5 -0.2130
1900 67.5 -0.2274
1900 72.5 -0.2053
1900 77.5 -0.3155
1900 82.5 -0.3187
1900 87.5 -0.2931
1901 2.5 -0.0941
1901 7.5 -0.0936
1901 12.5 -0.0941
1901 17.5 -0.1196
1901 22.5 -0.1520
1901 27.5 -0.1908
1901 32.5 -0.2582
1901 37.5 -0.2551
1901 42.5 -0.2452
1901 47.5 -0.1372
1901 52.5 -0.0263
1901 57.5 -0.0126
1901 62.5 -0.1033
1901 67.5 -0.1652
1901 72.5 -0.2812
1901 77.5 -0.3541
1901 82.5 -0.3059
1901 87.5 -0.2931
1902 2.5 -0.0945
1902 7.5 -0.1169
1902 12.5 -0.1397
1902 17.5 -0.1383
1902 22.5 -0.1619
1902 27.5 -0.2260
1902 32.5 -0.3831
1902 37.5 -0.5604
1902 42.5 -0.5402
1902 47.5 -0.4098
1902 52.5 -0.4078
1902 57.5 -0.5297
1902 62.5 -1.0225
1902 67.5 -1.1956
1902 72.5 -0.9184
1902 77.5 -0.7746
1902 82.5 -0.5850
1902 87.5 -0.3049
1903 2.5 -0.3098
1903 7.5 -0.2671
1903 12.5 -0.2664
1903 17.5 -0.3101
1903 22.5 -0.3916
1903 27.5 -0.5352
1903 32.5 -0.7174
1903 37.5 -0.8287
1903 42.5 -0.8421
1903 47.5 -0.7541
1903 52.5 -0.6275
1903 57.5 -0.3384
1903 62.5 -0.1189
1903 67.5 -0.0916
1903 72.5 -0.1431
1903 77.5 -0.1041
1903 82.5 -0.1994
1903 87.5 -0.3743
1904 2.5 -0.5247
1904 7.5 -0.5224
1904 12.5 -0.5130
1904 17.5 -0.4882
1904 22.5 -0.4568
1904 27.5 -0.4488
1904 32.5 -0.4623
1904 37.5 -0.6148
1904 42.5 -0.7012
1904 47.5 -0.7404
1904 52.5 -0.7015
1904 57.5 -0.4698
1904 62.5 -0.3141
1904 67.5 -0.1183
1904 72.5 0.0385
1904 77.5 0.0718
1904 82.5 0.0061
1904 87.5 -0.0315
1905 2.5 -0.1033
1905 7.5 -0.1295
1905 12.5 -0.2056
1905 17.5 -0.2723
1905 22.5 -0.3996
1905 27.5 -0.5835
1905 32.5 -0.7509
1905 37.5 -0.8065
1905 42.5 -0.7565
1905 47.5 -0.5606
1905 52.5 -0.2889
1905 57.5 -0.0390
1905 62.5 0.0214
1905 67.5 -0.0775
1905 72.5 -0.1085
1905 77.5 -0.2416
1905 82.5 -0.4523
1905 87.5 -0.5490
1906 2.5 -0.3719
1906 7.5 -0.2548
1906 12.5 -0.1794
1906 17.5 -0.1731
1906 22.5 -0.2601
1906 27.5 -0.3571
1906 32.5 -0.4267
1906 37.5 -0.4237
1906 42.5 -0.3734
1906 47.5 -0.2308
1906 52.5 -0.1367
1906 57.5 -0.0765
1906 62.5 -0.0477
1906 67.5 -0.1584
1906 72.5 -0.2724
1906 77.5 -0.1784
1906 82.5 -0.0492
1906 87.5 -0.0505
1907 2.5 -0.3586
1907 7.5 -0.3201
1907 12.5 -0.3303
1907 17.5 -0.3818
1907 22.5 -0.4448
1907 27.5 -0.4867
1907 32.5 -0.5148
1907 37.5 -0.5420
1907 42.5 -0.5508
1907 47.5 -0.6691
1907 52.5 -0.8428
1907 57.5 -0.8796
1907 62.5 -0.9288
1907 67.5 -0.7314
1907 72.5 -0.5151
1907 77.5 -0.1330
1907 82.5 0.2251
1907 87.5 0.3896
1908 2.5 -0.4821
1908 7.5 -0.4641
1908 12.5 -0.4257
1908 17.5 -0.3873
1908 22.5 -0.3859
1908 27.5 -0.4016
1908 32.5 -0.4818
1908 37.5 -0.5824
1908 42.5 -0.6227
1908 47.5 -0.6550
1908 52.5 -0.6492
1908 57.5 -0.4990
1908 62.5 -0.3742
1908 67.5 -0.2518
1908 72.5 -0.2478
1908 77.5 -0.3233
1908 82.5 -0.4433
1908 87.5 -0.5255
1909 2.5 -0.5533
1909 7.5 -0.5365
1909 12.5 -0.4754
1909 17.5 -0.4107
1909 22.5 -0.3962
1909 27.5 -0.3892
1909 32.5 -0.4217
1909 37.5 -0.4890
1909 42.5 -0.5184
1909 47.5 -0.5741
1909 52.5 -0.6021
1909 57.5 -0.5335
1909 62.5 -0.5510
1909 67.5 -0.6356
1909 72.5 -0.6975
1909 77.5 -0.6764
1909 82.5 -0.7282
1909 87.5 -0.7130
1910 2.5 -0.5641
1910 7.5 -0.5323
1910 12.5 -0.4969
1910 17.5 -0.4968
1910 22.5 -0.5410
1910 27.5 -0.5916
1910 32.5 -0.6067
1910 37.5 -0.5466
1910 42.5 -0.4176
1910 47.5 -0.3091
1910 52.5 -0.1969
1910 57.5 -0.1593
1910 62.5 -0.3553
1910 67.5 -0.6430
1910 72.5 -0.8155
1910 77.5 -0.8057
1910 82.5 -0.8884
1910 87.5 -0.9171
1911 2.5 -0.4878
1911 7.5 -0.4730
1911 12.5 -0.4671
1911 17.5 -0.4526
1911 22.5 -0.4421
1911 27.5 -0.4667
1911 32.5 -0.5212
1911 37.5 -0.5286
1911 42.5 -0.5292
1911 47.5 -0.5359
1911 52.5 -0.4785
1911 57.5 -0.4267
1911 62.5 -0.3565
1911 67.5 -0.2271
1911 72.5 -0.1660
1911 77.5 0.1025
1911 82.5 0.1950
1911 87.5 0.1930
1912 2.5 -0.2224
1912 7.5 -0.2905
1912 12.5 -0.3407
1912 17.5 -0.3090
1912 22.5 -0.2833
1912 27.5 -0.3272
1912 32.5 -0.4690
1912 37.5 -0.6139
1912 42.5 -0.7797
1912 47.5 -0.8821
1912 52.5 -0.8500
1912 57.5 -0.7169
1912 62.5 -0.5292
1912 67.5 -0.3780
1912 72.5 -0.3355
1912 77.5 -0.6976
1912 82.5 -1.1880
1912 87.5 -1.4924
1913 2.5 -0.2866
1913 7.5 -0.3655
1913 12.5 -0.4296
1913 17.5 -0.4554
1913 22.5 -0.5102
1913 27.5 -0.5342
1913 32.5 -0.5720
1913 37.5 -0.5498
1913 42.5 -0.5423
1913 47.5 -0.4655
1913 52.5 -0.4057
1913 57.5 -0.3694
1913 62.5 -0.3530
1913 67.5 -0.4430
1913 72.5 -0.5327
1913 77.5 -0.5693
1913 82.5 -0.6375
1913 87.5 -0.6972
1914 2.5 0.0209
1914 7.5 0.0455
1914 12.5 -0.0493
1914 17.5 -0.1705
1914 22.5 -0.3248
1914 27.5 -0.4646
1914 32.5 -0.4726
1914 37.5 -0.2882
1914 42.5 -0.1999
1914 47.5 -0.1954
1914 52.5 -0.1955
1914 57.5 -0.2812
1914 62.5 -0.2571
1914 67.5 -0.2958
1914 72.5 -0.4168
1914 77.5 -0.5521
1914 82.5 -0.7841
1914 87.5 -0.9877
1915 2.5 -0.0251
1915 7.5 0.0252
1915 12.5 0.0229
1915 17.5 -0.0108
1915 22.5 -0.0716
1915 27.5 -0.2163
1915 32.5 -0.3317
1915 37.5 -0.3234
1915 42.5 -0.2817
1915 47.5 -0.1583
1915 52.5 -0.0423
1915 57.5 -0.1159
1915 62.5 -0.3198
1915 67.5 -0.3550
1915 72.5 -0.2641
1915 77.5 -0.4887
1915 82.5 -0.6268
1915 87.5 -0.5795
1916 2.5 -0.5021
1916 7.5 -0.5055
1916 12.5 -0.5023
1916 17.5 -0.4693
1916 22.5 -0.4311
1916 27.5 -0.3822
1916 32.5 -0.3144
1916 37.5 -0.3020
1916 42.5 -0.4134
1916 47.5 -0.5391
1916 52.5 -0.5592
1916 57.5 -0.5188
1916 62.5 -0.4006
1916 67.5 -0.2228
1916 72.5 -0.1602
1916 77.5 -0.4735
1916 82.5 -0.8714
1916 87.5 -1.0215
1917 2.5 -0.7109
1917 7.5 -0.7110
1917 12.5 -0.6674
1917 17.5 -0.6395
1917 22.5 -0.6417
1917 27.5 -0.5692
1917 32.5 -0.4202
1917 37.5 -0.3314
1917 42.5 -0.3688
1917 47.5 -0.4653
1917 52.5 -0.5001
1917 57.5 -0.4106
1917 62.5 -0.3941
1917 67.5 -0.5445
1917 72.5 -0.7385
1917 77.5 -1.2898
1917 82.5 -1.8255
1917 87.5 -2.0315
1918 2.5 -0.3440
1918 7.5 -0.3836
1918 12.5 -0.3641
1918 17.5 -0.3704
1918 22.5 -0.4017
1918 27.5 -0.4038
1918 32.5 -0.4354
1918 37.5 -0.4796
1918 42.5 -0.3688
1918 47.5 -0.2649
1918 52.5 -0.2585
1918 57.5 -0.3715
1918 62.5 -0.6699
1918 67.5 -0.9724
1918 72.5 -1.1269
1918 77.5 -1.1309
1918 82.5 -1.1144
1918 87.5 -1.0131
1919 2.5 -0.3208
1919 7.5 -0.3091
1919 12.5 -0.2342
1919 17.5 -0.2038
1919 22.5 -0.2696
1919 27.5 -0.3321
1919 32.5 -0.3514
1919 37.5 -0.3873
1919 42.5 -0.3493
1919 47.5 -0.3934
1919 52.5 -0.5749
1919 57.5 -0.6892
1919 62.5 -0.6684
1919 67.5 -0.5333
1919 72.5 -0.3834
1919 77.5 -0.2950
1919 82.5 -0.2638
1919 87.5 -0.2541
1920 2.5 -0.2690
1920 7.5 -0.3026
1920 12.5 -0.3356
1920 17.5 -0.3449
1920 22.5 -0.3919
1920 27.5 -0.4167
1920 32.5 -0.4120
1920 37.5 -0.3578
1920 42.5 -0.3060
1920 47.5 -0.2614
1920 52.5 -0.1524
1920 57.5 -0.0982
1920 62.5 -0.0449
1920 67.5 0.0518
1920 72.5 0.0387
1920 77.5 0.2098
1920 82.5 0.2753
1920 87.5 0.3624
1921 2.5 -0.1781
1921 7.5 -0.1924
1921 12.5 -0.2572
1921 17.5 -0.3297
1921 22.5 -0.3324
1921 27.5 -0.2420
1921 32.5 -0.1552
1921 37.5 -0.0527
1921 42.5 0.0394
1921 47.5 0.0809
1921 52.5 0.0848
1921 57.5 0.0804
1921 62.5 0.1351
1921 67.5 0.1663
1921 72.5 0.0435
1921 77.5 -0.0175
1921 82.5 -0.1300
1921 87.5 -0.2079
1922 2.5 -0.3042
1922 7.5 -0.2579
1922 12.5 -0.2731
1922 17.5 -0.2800
1922 22.5 -0.2798
1922 27.5 -0.2298
1922 32.5 -0.1445
1922 37.5 -0.0855
1922 42.5 -0.1604
1922 47.5 -0.3247
1922 52.5 -0.4590
1922 57.5 -0.5449
1922 62.5 -0.5028
1922 67.5 -0.3818
1922 72.5 -0.2648
1922 77.5 0.0038
1922 82.5 0.1881
1922 87.5 0.3043
1923 2.5 -0.1870
1923 7.5 -0.1974
1923 12.5 -0.2834
1923 17.5 -0.3293
1923 22.5 -0.3181
1923 27.5 -0.2957
1923 32.5 -0.2978
1923 37.5 -0.2827
1923 42.5 -0.2521
1923 47.5 -0.1814
1923 52.5 -0.1676
1923 57.5 -0.2220
1923 62.5 -0.1556
1923 67.5 -0.0734
1923 72.5 -0.0412
1923 77.5 0.2683
1923 82.5 0.5322
1923 87.5 0.6429
1924 2.5 -0.2284
1924 7.5 -0.2132
1924 12.5 -0.1963
1924 17.5 -0.1615
1924 22.5 -0.1655
1924 27.5 -0.1631
1924 32.5 -0.1571
1924 37.5 -0.2070
1924 42.5 -0.3303
1924 47.5 -0.4344
1924 52.5 -0.3016
1924 57.5 -0.0088
1924 62.5 0.3222
1924 67.5 0.3251
1924 72.5 0.1610
1924 77.5 0.1340
1924 82.5 0.0183
1924 87.5 -0.1276
1925 2.5 -0.1170
1925 7.5 -0.1452
1925 12.5 -0.1725
1925 17.5 -0.1712
1925 22.5 -0.2392
1925 27.5 -0.2516
1925 32.5 -0.2192
1925 37.5 -0.2003
1925 42.5 -0.0896
1925 47.5 0.1106
1925 52.5 0.2472
1925 57.5 0.1762
1925 62.5 0.0166
1925 67.5 -0.2075
1925 72.5 -0.2349
1925 77.5 -0.1450
1925 82.5 -0.0513
1925 87.5 -0.0528
1926 2.5 0.0831
1926 7.5 0.1055
1926 12.5 0.1487
1926 17.5 0.1527
1926 22.5 0.0812
1926 27.5 -0.0383
1926 32.5 -0.2423
1926 37.5 -0.3422
1926 42.5 -0.2624
1926 47.5 -0.0594
1926 52.5 0.0716
1926 57.5 0.2326
1926 62.5 0.4029
1926 67.5 0.3894
1926 72.5 0.2352
1926 77.5 0.0688
1926 82.5 -0.2371
1926 87.5 -0.4866
1927 2.5 -0.0995
1927 7.5 -0.0394
1927 12.5 0.0063
1927 17.5 -0.0069
1927 22.5 -0.0762
1927 27.5 -0.0751
1927 32.5 -0.0715
1927 37.5 -0.1794
1927 42.5 -0.1904
1927 47.5 -0.1982
1927 52.5 -0.2264
1927 57.5 -0.1474
1927 62.5 -0.1001
1927 67.5 0.0288
1927 72.5 0.0757
1927 77.5 -0.0664
1927 82.5 -0.1694
1927 87.5 -0.1591
1928 2.5 -0.0841
1928 7.5 -0.0814
1928 12.5 -0.0763
1928 17.5 -0.0691
1928 22.5 -0.1220
1928 27.5 -0.0991
1928 32.5 -0.1212
1928 37.5 -0.2575
1928 42.5 -0.3535
1928 47.5 -0.3452
1928 52.5 -0.2414
1928 57.5 0.0013
1928 62.5 0.2756
1928 67.5 0.5258
1928 72.5 0.6462
1928 77.5 0.5554
1928 82.5 0.3317
1928 87.5 0.2231
1929 2.5 -0.1561
1929 7.5 -0.1980
1929 12.5 -0.2442
1929 17.5 -0.2129
1929 22.5 -0.2193
1929 27.5 -0.1821
1929 32.5 -0.2192
1929 37.5 -0.4285
1929 42.5 -0.6355
1929 47.5 -0.6984
1929 52.5 -0.6902
1929 57.5 -0.5198
1929 62.5 -0.2403
1929 67.5 0.0366
1929 72.5 0.0890
1929 77.5 -0.0279
1929 82.5 -0.2179
1929 87.5 -0.3048
1930 2.5 0.1122
1930 7.5 0.0866
1930 12.5 0.0093
1930 17.5 -0.0152
1930 22.5 -0.0642
1930 27.5 -0.1132
1930 32.5 -0.1363
1930 37.5 -0.1322
1930 42.5 -0.1604
1930 47.5 -0.0456
1930 52.5 0.0136
1930 57.5 0.0955
1930 62.5 0.1348
1930 67.5 0.2527
1930 72.5 0.4752
1930 77.5 0.6689
1930 82.5 0.7739
1930 87.5 0.7902
1931 2.5 0.1722
1931 7.5 0.1963
1931 12.5 0.2402
1931 17.5 0.2666
1931 22.5 0.1749
1931 27.5 0.0071
1931 32.5 -0.1558
1931 37.5 -0.2620
1931 42.5 -0.2659
1931 47.5 -0.1811
1931 52.5 -0.0269
1931 57.5 0.1067
1931 62.5 0.1914
1931 67.5 0.3363
1931 72.5 0.3176
1931 77.5 0.4168
1931 82.5 0.4775
1931 87.5 0.4204
1932 2.5 -0.0989
1932 7.5 -0.1000
1932 12.5 -0.0667
1932 17.5 -0.0350
1932 22.5 -0.0572
1932 27.5 -0.1367
1932 32.5 -0.2226
1932 37.5 -0.2320
1932 42.5 -0.2035
1932 47.5 -0.0266
1932 52.5 0.2627
1932 57.5 0.3514
1932 62.5 0.2635
1932 67.5 0.3324
1932 72.5 0.3317
1932 77.5 0.3833
1932 82.5 0.5159
1932 87.5 0.6851
1933 2.5 -0.2230
1933 7.5 -0.2171
1933 12.5 -0.1877
1933 17.5 -0.2516
1933 22.5 -0.3213
1933 27.5 -0.2308
1933 32.5 -0.0984
1933 37.5 -0.0695
1933 42.5 -0.1542
1933 47.5 -0.4169
1933 52.5 -0.5914
1933 57.5 -0.6007
1933 62.5 -0.6261
1933 67.5 -0.4479
1933 72.5 -0.1255
1933 77.5 0.2463
1933 82.5 0.5771
1933 87.5 0.8583
1934 2.5 -0.2055
1934 7.5 -0.2599
1934 12.5 -0.2430
1934 17.5 -0.2402
1934 22.5 -0.2448
1934 27.5 -0.1863
1934 32.5 -0.1750
1934 37.5 -0.2188
1934 42.5 -0.1124
1934 47.5 -0.0889
1934 52.5 0.0570
1934 57.5 0.3999
1934 62.5 0.5571
1934 67.5 0.5654
1934 72.5 0.5445
1934 77.5 0.5768
1934 82.5 0.6208
1934 87.5 0.6768
1935 2.5 -0.1015
1935 7.5 -0.1304
1935 12.5 -0.0979
1935 17.5 -0.0966
1935 22.5 -0.1465
1935 27.5 -0.1672
1935 32.5 -0.2218
1935 37.5 -0.2534
1935 42.5 -0.2453
1935 47.5 -0.2144
1935 52.5 -0.1405
1935 57.5 0.0481
1935 62.5 0.1884
1935 67.5 0.2017
1935 72.5 0.1113
1935 77.5 0.0183
1935 82.5 0.0409
1935 87.5 0.0101
1936 2.5 -0.0309
1936 7.5 0.0203
1936 12.5 0.0680
1936 17.5 0.0231
1936 22.5 -0.1337
1936 27.5 -0.2626
1936 32.5 -0.3717
1936 37.5 -0.3954
1936 42.5 -0.2643
1936 47.5 -0.1021
1936 52.5 0.0937
1936 57.5 0.2765
1936 62.5 0.2717
1936 67.5 0.1494
1936 72.5 0.0776
1936 77.5 0.0253
1936 82.5 0.1391
1936 87.5 0.2008
1937 2.5 0.1219
1937 7.5 0.1322
1937 12.5 0.1137
1937 17.5 0.0382
1937 22.5 -0.0136
1937 27.5 -0.0234
1937 32.5 -0.0536
1937 37.5 -0.0725
1937 42.5 -0.0456
1937 47.5 -0.0978
1937 52.5 -0.0694
1937 57.5 0.1082
1937 62.5 0.4982
1937 67.5 0.9509
1937 72.5 1.2071
1937 77.5 1.2421
1937 82.5 1.0549
1937 87.5 1.1463
1938 2.5 -0.2455
1938 7.5 -0.1661
1938 12.5 -0.0500
1938 17.5 -0.0361
1938 22.5 -0.0781
1938 27.5 -0.1108
1938 32.5 -0.0810
1938 37.5 0.0302
1938 42.5 0.1827
1938 47.5 0.2292
1938 52.5 0.3443
1938 57.5 0.4580
1938 62.5 0.6698
1938 67.5 0.9891
1938 72.5 1.1841
1938 77.5 1.7101
1938 82.5 2.1557
1938 87.5 2.3725
1939 2.5 -0.1028
1939 7.5 -0.1212
1939 12.5 -0.1022
1939 17.5 -0.0854
1939 22.5 -0.0724
1939 27.5 -0.0599
1939 32.5 -0.0383
1939 37.5 0.0946
1939 42.5 0.1758
1939 47.5 0.1214
1939 52.5 0.1704
1939 57.5 0.2820
1939 62.5 0.3581
1939 67.5 0.4820
1939 72.5 0.5287
1939 77.5 0.4330
1939 82.5 0.3022
1939 87.5 0.2326
1940 2.5 0.3123
1940 7.5 0.3345
1940 12.5 0.2967
1940 17.5 0.2408
1940 22.5 0.1188
1940 27.5 -0.0508
1940 32.5 -0.2285
1940 37.5 -0.2137
1940 42.5 -0.1079
1940 47.5 -0.0642
1940 52.5 -0.0355
1940 57.5 0.0562
1940 62.5 0.2763
1940 67.5 0.7373
1940 72.5 1.1288
1940 77.5 1.2242
1940 82.5 1.2064
1940 87.5 1.2093
1941 2.5 0.4077
1941 7.5 0.4255
1941 12.5 0.4470
1941 17.5 0.4587
1941 22.5 0.3639
1941 27.5 0.1738
1941 32.5 -0.0512
1941 37.5 -0.2174
1941 42.5 -0.2098
1941 47.5 -0.1320
1941 52.5 -0.1405
1941 57.5 -0.1533
1941 62.5 -0.1913
1941 67.5 -0.1093
1941 72.5 -0.0904
1941 77.5 -0.2255
1941 82.5 -0.4366
1941 87.5 -0.5367
1942 2.5 -0.0844
1942 7.5 0.0698
1942 12.5 0.1627
1942 17.5 0.1936
1942 22.5 0.1889
1942 27.5 0.1420
1942 32.5 0.0983
1942 37.5 0.0100
1942 42.5 -0.0720
1942 47.5 -0.0944
1942 52.5 -0.1006
1942 57.5 0.1288
1942 62.5 0.3468
1942 67.5 0.3982
1942 72.5 0.4602
1942 77.5 0.5903
1942 82.5 0.6558
1942 87.5 0.6826
1943 2.5 -0.1935
1943 7.5 -0.1469
1943 12.5 -0.0775
1943 17.5 -0.0354
1943 22.5 0.0361
1943 27.5 0.0813
1943 32.5 0.0506
1943 37.5 0.0355
1943 42.5 -0.0028
1943 47.5 -0.0514
1943 52.5 0.1424
1943 57.5 0.6052
1943 62.5 1.0530
1943 67.5 1.3107
1943 72.5 1.1747
1943 77.5 0.9169
1943 82.5 0.5729
1943 87.5 0.4302
1944 2.5 0.0330
1944 7.5 0.0561
1944 12.5 0.0637
1944 17.5 0.0338
1944 22.5 -0.0217
1944 27.5 -0.0338
1944 32.5 -0.0120
1944 37.5 0.0010
1944 42.5 0.0544
1944 47.5 0.2500
1944 52.5 0.4407
1944 57.5 0.6502
1944 62.5 0.8711
1944 67.5 1.0271
1944 72.5 0.9782
1944 77.5 0.9971
1944 82.5 1.0107
1944 87.5 1.0577
1945 2.5 0.0541
1945 7.5 0.0549
1945 12.5 0.0490
1945 17.5 0.0486
1945 22.5 0.0051
1945 27.5 0.0031
1945 32.5 0.0457
1945 37.5 -0.0064
1945 42.5 -0.0611
1945 47.5 -0.0858
1945 52.5 -0.0792
1945 57.5 -0.0072
1945 62.5 0.1782
1945 67.5 0.4157
1945 72.5 0.6158
1945 77.5 0.6898
1945 82.5 0.6988
1945 87.5 0.8270
1946 2.5 -0.0024
1946 7.5 0.0267
1946 12.5 0.0267
1946 17.5 0.0890
1946 22.5 0.1174
1946 27.5 0.1550
1946 32.5 0.1878
1946 37.5 0.1475
1946 42.5 0.0669
1946 47.5 -0.0104
1946 52.5 -0.1311
1946 57.5 -0.2161
1946 62.5 -0.2757
1946 67.5 -0.1418
1946 72.5 0.0823
1946 77.5 0.2002
1946 82.5 0.2179
1946 87.5 0.2756
1947 2.5 0.0009
1947 7.5 -0.0033
1947 12.5 0.0328
1947 17.5 0.0547
1947 22.5 0.0759
1947 27.5 0.1511
1947 32.5 0.1518
1947 37.5 0.0065
1947 42.5 -0.1355
1947 47.5 -0.1644
1947 52.5 -0.1023
1947 57.5 -0.0154
1947 62.5 0.2368
1947 67.5 0.8039
1947 72.5 1.2672
1947 77.5 1.6032
1947 82.5 1.9072
1947 87.5 2.1808
1948 2.5 -0.0573
1948 7.5 -0.0713
1948 12.5 -0.0731
1948 17.5 -0.0630
1948 22.5 -0.0897
1948 27.5 -0.0392
1948 32.5 0.0392
1948 37.5 0.0660
1948 42.5 0.0924
1948 47.5 0.2438
1948 52.5 0.3778
1948 57.5 0.4616
1948 62.5 0.5033
1948 67.5 0.4728
1948 72.5 0.0614
1948 77.5 -0.6461
1948 82.5 -1.2534
1948 87.5 -1.6185
1949 2.5 -0.2003
1949 7.5 -0.2521
1949 12.5 -0.2376
1949 17.5 -0.1997
1949 22.5 -0.1677
1949 27.5 -0.0735
1949 32.5 0.0210
1949 37.5 0.0700
1949 42.5 0.0966
1949 47.5 0.1187
1949 52.5 0.1388
1949 57.5 0.1609
1949 62.5 0.1803
1949 67.5 0.2386
1949 72.5 0.2005
1949 77.5 0.0908
1949 82.5 -0.0505
1949 87.5 -0.1213
1950 2.5 -0.2827
1950 7.5 -0.2785
1950 12.5 -0.2630
1950 17.5 -0.2779
1950 22.5 -0.2466
1950 27.5 -0.1238
1950 32.5 0.0992
1950 37.5 0.1718
1950 42.5 0.0092
1950 47.5 -0.3155
1950 52.5 -0.4533
1950 57.5 -0.3810
1950 62.5 -0.1227
1950 67.5 0.1455
1950 72.5 0.2151
1950 77.5 0.2822
1950 82.5 0.2198
1950 87.5 0.2260
1951 2.5 0.1430
1951 7.5 0.0798
1951 12.5 0.0309
1951 17.5 0.0353
1951 22.5 0.0520
1951 27.5 0.1327
1951 32.5 0.1379
1951 37.5 0.0670
1951 42.5 0.0842
1951 47.5 0.0787
1951 52.5 0.0563
1951 57.5 0.0687
1951 62.5 0.1319
1951 67.5 0.1512
1951 72.5 0.1342
1951 77.5 -0.0163
1951 82.5 -0.1737
1951 87.5 -0.2566
1952 2.5 0.0492
1952 7.5 0.0550
1952 12.5 0.0470
1952 17.5 0.0575
1952 22.5 0.1093
1952 27.5 0.1464
1952 32.5 0.1624
1952 37.5 0.1921
1952 42.5 0.1745
1952 47.5 0.0861
1952 52.5 -0.0045
1952 57.5 -0.1103
1952 62.5 -0.2389
1952 67.5 -0.0898
1952 72.5 0.2614
1952 77.5 0.6197
1952 82.5 1.0291
1952 87.5 1.3863
1953 2.5 0.1784
1953 7.5 0.1564
1953 12.5 0.0730
1953 17.5 0.0581
1953 22.5 0.0919
1953 27.5 0.1071
1953 32.5 0.1103
1953 37.5 0.1487
1953 42.5 0.1602
1953 47.5 0.1990
1953 52.5 0.3010
1953 57.5 0.3900
1953 62.5 0.6781
1953 67.5 0.8393
1953 72.5 0.6905
1953 77.5 0.8669
1953 82.5 1.1519
1953 87.5 1.1680
1954 2.5 -0.2243
1954 7.5 -0.1312
1954 12.5 -0.0681
1954 17.5 -0.0300
1954 22.5 -0.0201
1954 27.5 -0.0026
1954 32.5 0.0408
1954 37.5 0.0221
1954 42.5 -0.1190
1954 47.5 -0.3035
1954 52.5 -0.2489
1954 57.5 -0.0892
1954 62.5 0.2421
1954 67.5 0.6193
1954 72.5 0.8740
1954 77.5 1.1876
1954 82.5 1.1706
1954 87.5 1.2436
1955 2.5 -0.3482
1955 7.5 -0.2832
1955 12.5 -0.2697
1955 17.5 -0.2559
1955 22.5 -0.1184
1955 27.5 0.0910
1955 32.5 0.2314
1955 37.5 0.3354
1955 42.5 0.3309
1955 47.5 0.1190
1955 52.5 0.0436
1955 57.5 -0.0929
1955 62.5 -0.3091
1955 67.5 -0.3234
1955 72.5 -0.2120
1955 77.5 -0.0016
1955 82.5 0.1486
1955 87.5 0.4182
1956 2.5 -0.3218
1956 7.5 -0.2754
1956 12.5 -0.2533
1956 17.5 -0.2619
1956 22.5 -0.2218
1956 27.5 -0.1477
1956 32.5 -0.0327
1956 37.5 0.0212
1956 42.5 -0.1325
1956 47.5 -0.3741
1956 52.5 -0.4919
1956 57.5 -0.4881
1956 62.5 -0.4642
1956 67.5 -0.2825
1956 72.5 0.0473
1956 77.5 0.4587
1956 82.5 0.7233
1956 87.5 0.9229
1957 2.5 0.1731
1957 7.5 0.1345
1957 12.5 0.0577
1957 17.5 0.0412
1957 22.5 -0.0117
1957 27.5 -0.1261
1957 32.5 -0.2057
1957 37.5 -0.1435
1957 42.5 -0.0530
1957 47.5 0.1010
1957 52.5 0.2818
1957 57.5 0.3309
1957 62.5 0.2753
1957 67.5 0.0793
1957 72.5 -0.0089
1957 77.5 0.0860
1957 82.5 0.0042
1957 87.5 -0.1007
1958 2.5 0.2449
1958 7.5 0.3154
1958 12.5 0.3082
1958 17.5 0.2702
1958 22.5 0.2412
1958 27.5 0.1792
1958 32.5 0.1335
1958 37.5 0.0622
1958 42.5 0.0851
1958 47.5 0.2013
1958 52.5 0.2973
1958 57.5 0.2564
1958 62.5 -0.0701
1958 67.5 -0.3966
1958 72.5 -0.3162
1958 77.5 0.0159
1958 82.5 0.3263
1958 87.5 0.2040
1959 2.5 0.0416
1959 7.5 0.0621
1959 12.5 0.0823
1959 17.5 0.1067
1959 22.5 0.0979
1959 27.5 0.0691
1959 32.5 0.0554
1959 37.5 0.0286
1959 42.5 -0.0681
1959 47.5 -0.0470
1959 52.5 0.1477
1959 57.5 0.2860
1959 62.5 0.3276
1959 67.5 0.4548
1959 72.5 0.5413
1959 77.5 0.5595
1959 82.5 0.5618
1959 87.5 0.5857
1960 2.5 -0.0331
1960 7.5 0.0062
1960 12.5 0.0868
1960 17.5 0.1537
1960 22.5 0.2041
1960 27.5 0.2011
1960 32.5 0.1495
1960 37.5 0.0688
1960 42.5 -0.1158
1960 47.5 -0.1723
1960 52.5 -0.0841
1960 57.5 0.0278
1960 62.5 0.1837
1960 67.5 0.3283
1960 72.5 0.5644
1960 77.5 0.5858
1960 82.5 0.4961
1960 87.5 0.5867
1961 2.5 -0.0428
1961 7.5 -0.0477
1961 12.5 -0.0629
1961 17.5 -0.0672
1961 22.5 -0.0213
1961 27.5 0.0437
1961 32.5 0.1292
1961 37.5 0.1897
1961 42.5 0.2962
1961 47.5 0.3716
1961 52.5 0.4014
1961 57.5 0.3827
1961 62.5 0.2190
1961 67.5 -0.0566
1961 72.5 -0.1138
1961 77.5 -0.1624
1961 82.5 -0.0986
1961 87.5 -0.0556
1962 2.5 -0.0678
1962 7.5 -0.0610
1962 12.5 -0.0248
1962 17.5 -0.0060
1962 22.5 0.0194
1962 27.5 0.0595
1962 32.5 0.1271
1962 37.5 0.2046
1962 42.5 0.1947
1962 47.5 0.2464
1962 52.5 0.2836
1962 57.5 0.3969
1962 62.5 0.6728
1962 67.5 0.7519
1962 72.5 0.6215
1962 77.5 0.2699
1962 82.5 0.1247
1962 87.5 -0.1056
1963 2.5 0.2207
1963 7.5 0.1579
1963 12.5 0.1544
1963 17.5 0.1456
1963 22.5 0.1470
1963 27.5 0.1452
1963 32.5 0.1057
1963 37.5 0.1672
1963 42.5 0.3280
1963 47.5 0.3767
1963 52.5 0.3371
1963 57.5 0.3487
1963 62.5 0.4031
1963 67.5 0.3147
1963 72.5 -0.0719
1963 77.5 -0.8414
1963 82.5 -1.3363
1963 87.5 -1.7193
1964 2.5 -0.1589
1964 7.5 -0.1142
1964 12.5 -0.0800
1964 17.5 -0.0348
1964 22.5 -0.0129
1964 27.5 -0.0350
1964 32.5 -0.0049
1964 37.5 -0.0656
1964 42.5 -0.1776
1964 47.5 -0.1980
1964 52.5 -0.1855
1964 57.5 -0.1839
1964 62.5 -0.4300
1964 67.5 -0.5452
1964 72.5 -0.6841
1964 77.5 -0.9363
1964 82.5 -0.9828
1964 87.5 -0.9679
1965 2.5 0.1007
1965 7.5 -0.0150
1965 12.5 -0.0959
1965 17.5 -0.1042
1965 22.5 -0.0920
1965 27.5 -0.0875
1965 32.5 -0.0506
1965 37.5 -0.0403
1965 42.5 -0.0364
1965 47.5 -0.1087
1965 52.5 -0.2484
1965 57.5 -0.3093
1965 62.5 -0.4055
1965 67.5 -0.4169
1965 72.5 -0.2033
1965 77.5 -0.0431
1965 82.5 0.2097
1965 87.5 0.3626
1966 2.5 0.1733
1966 7.5 0.2170
1966 12.5 0.2507
1966 17.5 0.2616
1966 22.5 0.1953
1966 27.5 0.1022
1966 32.5 0.0829
1966 37.5 0.1030
1966 42.5 0.1458
1966 47.5 0.1721
1966 52.5 -0.0220
1966 57.5 -0.4018
1966 62.5 -0.6711
1966 67.5 -0.7555
1966 72.5 -0.7377
1966 77.5 -0.8155
1966 82.5 -0.5080
1966 87.5 -0.1313
1967 2.5 -0.1450
1967 7.5 -0.0894
1967 12.5 -0.0219
1967 17.5 -0.0134
1967 22.5 -0.0599
1967 27.5 -0.0975
1967 32.5 -0.0399
1967 37.5 -0.0033
1967 42.5 0.0988
1967 47.5 0.1684
1967 52.5 0.2109
1967 57.5 0.3235
1967 62.5 0.5520
1967 67.5 0.5630
1967 72.5 0.3163
1967 77.5 0.0452
1967 82.5 0.1727
1967 87.5 0.0952
1968 2.5 -0.0074
1968 7.5 -0.0058
1968 12.5 0.0214
1968 17.5 -0.0029
1968 22.5 -0.0035
1968 27.5 -0.0332
1968 32.5 -0.1110
1968 37.5 -0.1064
1968 42.5 0.0120
1968 47.5 0.0472
1968 52.5 0.0777
1968 57.5 0.0358
1968 62.5 -0.0784
1968 67.5 -0.1278
1968 72.5 -0.1910
1968 77.5 -0.6472
1968 82.5 -0.7723
1968 87.5 -0.6501
1969 2.5 0.4005
1969 7.5 0.3817
1969 12.5 0.3876
1969 17.5 0.3482
1969 22.5 0.2511
1969 27.5 0.1283
1969 32.5 -0.0623
1969 37.5 -0.2768
1969 42.5 -0.3693
1969 47.5 -0.4929
1969 52.5 -0.6375
1969 57.5 -0.5963
1969 62.5 -0.4348
1969 67.5 -0.1960
1969 72.5 -0.0081
1969 77.5 -0.0278
1969 82.5 -0.0745
1969 87.5 -0.0033
1970 2.5 0.0120
1970 7.5 0.0732
1970 12.5 0.1177
1970 17.5 0.1016
1970 22.5 0.0221
1970 27.5 -0.0565
1970 32.5 -0.0792
1970 37.5 -0.0647
1970 42.5 -0.0198
1970 47.5 -0.0783
1970 52.5 -0.1623
1970 57.5 -0.1874
1970 62.5 -0.1584
1970 67.5 -0.1987
1970 72.5 -0.1994
1970 77.5 -0.2217
1970 82.5 -0.5459
1970 87.5 -0.7448
1971 2.5 -0.3618
1971 7.5 -0.3517
1971 12.5 -0.2951
1971 17.5 -0.2761
1971 22.5 -0.2772
1971 27.5 -0.1662
1971 32.5 -0.0903
1971 37.5 -0.0591
1971 42.5 -0.0144
1971 47.5 0.0657
1971 52.5 0.1048
1971 57.5 0.0136
1971 62.5 -0.1740
1971 67.5 -0.2462
1971 72.5 -0.0417
1971 77.5 0.1736
1971 82.5 0.2735
1971 87.5 0.1593
1972 2.5 0.2834
1972 7.5 0.1048
1972 12.5 0.0039
1972 17.5 -0.1226
1972 22.5 -0.2194
1972 27.5 -0.2499
1972 32.5 -0.2378
1972 37.5 -0.2046
1972 42.5 -0.1673
1972 47.5 -0.3165
1972 52.5 -0.6143
1972 57.5 -0.8402
1972 62.5 -0.8587
1972 67.5 -0.5972
1972 72.5 -0.3373
1972 77.5 0.1046
1972 82.5 0.4218
1972 87.5 0.6258
1973 2.5 0.0394
1973 7.5 0.0617
1973 12.5 0.0564
1973 17.5 -0.0083
1973 22.5 -0.0803
1973 27.5 -0.0851
1973 32.5 -0.0339
1973 37.5 0.0125
1973 42.5 0.0778
1973 47.5 0.1818
1973 52.5 0.1811
1973 57.5 0.2806
1973 62.5 0.2750
1973 67.5 0.2960
1973 72.5 0.2061
1973 77.5 -0.0255
1973 82.5 -0.4492
1973 87.5 -0.6282
1974 2.5 -0.3122
1974 7.5 -0.3138
1974 12.5 -0.2597
1974 17.5 -0.2620
1974 22.5 -0.2235
1974 27.5 -0.1643
1974 32.5 -0.1653
1974 37.5 -0.2594
1974 42.5 -0.2545
1974 47.5 -0.1500
1974 52.5 -0.1361
1974 57.5 -0.1293
1974 62.5 -0.2352
1974 67.5 -0.4006
1974 72.5 -0.4144
1974 77.5 0.0198
1974 82.5 0.2422
1974 87.5 0.3333
1975 2.5 -0.4046
1975 7.5 -0.4108
1975 12.5 -0.4103
1975 17.5 -0.3612
1975 22.5 -0.2692
1975 27.5 -0.1433
1975 32.5 -0.0971
1975 37.5 -0.0506
1975 42.5 0.0792
1975 47.5 0.2614
1975 52.5 0.4230
1975 57.5 0.4325
1975 62.5 0.4005
1975 67.5 0.3277
1975 72.5 -0.0612
1975 77.5 -0.2339
1975 82.5 -0.6020
1975 87.5 -0.8864
1976 2.5 -0.1409
1976 7.5 -0.2240
1976 12.5 -0.2206
1976 17.5 -0.2185
1976 22.5 -0.2295
1976 27.5 -0.2206
1976 32.5 -0.2363
1976 37.5 -0.3002
1976 42.5 -0.3891
1976 47.5 -0.4317
1976 52.5 -0.4336
1976 57.5 -0.3947
1976 62.5 -0.3260
1976 67.5 -0.2268
1976 72.5 -0.0368
1976 77.5 0.2782
1976 82.5 0.2274
1976 87.5 0.2104
1977 2.5 0.1120
1977 7.5 0.0643
1977 12.5 -0.0203
1977 17.5 -0.0275
1977 22.5 0.0217
1977 27.5 0.0650
1977 32.5 0.0570
1977 37.5 0.0026
1977 42.5 0.0225
1977 47.5 0.1237
1977 52.5 0.2636
1977 57.5 0.2223
1977 62.5 0.2739
1977 67.5 0.2963
1977 72.5 0.2796
1977 77.5 -0.1158
1977 82.5 -0.4278
1977 87.5 -0.5711
1978 2.5 -0.0146
1978 7.5 0.0364
1978 12.5 0.0436
1978 17.5 0.0769
1978 22.5 0.0466
1978 27.5 -0.0217
1978 32.5 -0.0482
1978 37.5 -0.0680
1978 42.5 -0.1454
1978 47.5 -0.1103
1978 52.5 -0.0643
1978 57.5 0.0309
1978 62.5 0.1082
1978 67.5 -0.0731
1978 72.5 -0.3864
1978 77.5 -0.3195
1978 82.5 -0.1080
1978 87.5 -0.1638
1979 2.5 0.2148
1979 7.5 0.1838
1979 12.5 0.1162
1979 17.5 0.1311
1979 22.5 0.1291
1979 27.5 0.0805
1979 32.5 -0.0066
1979 37.5 0.0398
1979 42.5 0.0519
1979 47.5 0.1677
1979 52.5 0.0652
1979 57.5 -0.0913
1979 62.5 -0.2045
1979 67.5 -0.4474
1979 72.5 -0.7238
1979 77.5 -0.8855
1979 82.5 -1.0468
1979 87.5 -1.0721
1980 2.5 0.1962
1980 7.5 0.2330
1980 12.5 0.2447
1980 17.5 0.2647
1980 22.5 0.2321
1980 27.5 0.0860
1980 32.5 -0.0213
1980 37.5 -0.0230
1980 42.5 -0.0795
1980 47.5 -0.1843
1980 52.5 -0.1428
1980 57.5 0.0873
1980 62.5 0.3156
1980 67.5 0.3586
1980 72.5 0.2114
1980 77.5 0.0217
1980 82.5 -0.1581
1980 87.5 -0.2450
1981 2.5 0.0526
1981 7.5 0.0855
1981 12.5 0.1265
1981 17.5 0.1783
1981 22.5 0.1731
1981 27.5 0.0766
1981 32.5 -0.0405
1981 37.5 -0.0769
1981 42.5 0.1180
1981 47.5 0.5303
1981 52.5 0.8583
1981 57.5 0.9833
1981 62.5 1.1745
1981 67.5 1.0711
1981 72.5 0.9616
1981 77.5 0.8640
1981 82.5 0.8082
1981 87.5 0.6903
1982 2.5 0.3303
1982 7.5 0.2371
1982 12.5 0.1239
1982 17.5 0.0260
1982 22.5 -0.0727
1982 27.5 -0.1795
1982 32.5 -0.1912
1982 37.5 -0.1653
1982 42.5 -0.0262
1982 47.5 0.1388
1982 52.5 0.1396
1982 57.5 -0.1066
1982 62.5 -0.2947
1982 67.5 -0.3901
1982 72.5 -0.5409
1982 77.5 -0.3809
1982 82.5 -0.4390
1982 87.5 -0.5607
1983 2.5 0.4604
1983 7.5 0.3064
1983 12.5 0.1347
1983 17.5 0.0444
1983 22.5 -0.0111
1983 27.5 -0.1359
1983 32.5 -0.2409
1983 37.5 -0.2180
1983 42.5 0.1225
1983 47.5 0.5775
1983 52.5 0.7767
1983 57.5 0.6600
1983 62.5 0.3835
1983 67.5 0.0890
1983 72.5 -0.0817
1983 77.5 0.0529
1983 82.5 0.0101
1983 87.5 -0.2114
1984 2.5 -0.1030
1984 7.5 -0.0666
1984 12.5 0.0025
1984 17.5 0.0167
1984 22.5 -0.0540
1984 27.5 -0.0875
1984 32.5 -0.0980
1984 37.5 -0.2698
1984 42.5 -0.2761
1984 47.5 0.0034
1984 52.5 0.1365
1984 57.5 -0.0284
1984 62.5 -0.1027
1984 67.5 -0.0678
1984 72.5 0.0522
1984 77.5 0.6414
1984 82.5 1.0074
1984 87.5 1.1536
1985 2.5 -0.1579
1985 7.5 -0.1044
1985 12.5 -0.0519
1985 17.5 -0.0381
1985 22.5 -0.0145
1985 27.5 0.0050
1985 32.5 0.0186
1985 37.5 -0.0721
1985 42.5 -0.2879
1985 47.5 -0.3456
1985 52.5 -0.3109
1985 57.5 -0.2661
1985 62.5 -0.0452
1985 67.5 0.2486
1985 72.5 0.4283
1985 77.5 0.7678
1985 82.5 0.5493
1985 87.5 0.3937
1986 2.5 0.1191
1986 7.5 0.0860
1986 12.5 0.0457
1986 17.5 0.0354
1986 22.5 0.0260
1986 27.5 -0.0504
1986 32.5 -0.0651
1986 37.5 -0.0320
1986 42.5 -0.0285
1986 47.5 0.1354
1986 52.5 0.1931
1986 57.5 0.2252
1986 62.5 0.3149
1986 67.5 0.1241
1986 72.5 -0.1275
1986 77.5 -0.2412
1986 82.5 -0.4104
1986 87.5 -0.6608
1987 2.5 0.6580
1987 7.5 0.5252
1987 12.5 0.3883
1987 17.5 0.3473
1987 22.5 0.3023
1987 27.5 0.1950
1987 32.5 0.0548
1987 37.5 -0.0576
1987 42.5 -0.0501
1987 47.5 0.0857
1987 52.5 0.1872
1987 57.5 0.0691
1987 62.5 -0.1367
1987 67.5 -0.3201
1987 72.5 -0.4902
1987 77.5 -0.5977
1987 82.5 -0.6841
1987 87.5 -0.6372
1988 2.5 0.1152
1988 7.5 0.2047
1988 12.5 0.2338
1988 17.5 0.2831
1988 22.5 0.2878
1988 27.5 0.2559
1988 32.5 0.2329
1988 37.5 0.0707
1988 42.5 0.0282
1988 47.5 0.2599
1988 52.5 0.4789
1988 57.5 0.5809
1988 62.5 0.6779
1988 67.5 0.7199
1988 72.5 0.5422
1988 77.5 0.1668
1988 82.5 -0.1396
1988 87.5 -0.3846
1989 2.5 -0.0423
1989 7.5 -0.0529
1989 12.5 -0.0679
1989 17.5 0.0036
1989 22.5 0.0652
1989 27.5 0.1102
1989 32.5 0.1513
1989 37.5 0.1750
1989 42.5 0.2888
1989 47.5 0.5412
1989 52.5 0.6775
1989 57.5 0.6309
1989 62.5 0.5680
1989 67.5 0.5573
1989 72.5 0.3076
1989 77.5 -0.0553
1989 82.5 -0.2505
1989 87.5 -0.5517
1990 2.5 0.3194
1990 7.5 0.3126
1990 12.5 0.3012
1990 17.5 0.2775
1990 22.5 0.2465
1990 27.5 0.2777
1990 32.5 0.4089
1990 37.5 0.5088
1990 42.5 0.6578
1990 47.5 0.8339
1990 52.5 0.7822
1990 57.5 0.5659
1990 62.5 0.2573
1990 67.5 0.2663
1990 72.5 0.5425
1990 77.5 0.9264
1990 82.5 1.1134
1990 87.5 1.1374
1991 2.5 0.4215
1991 7.5 0.3012
1991 12.5 0.1821
1991 17.5 0.1701
1991 22.5 0.1808
1991 27.5 0.1509
1991 32.5 0.1750
1991 37.5 0.2817
1991 42.5 0.3892
1991 47.5 0.4985
1991 52.5 0.5166
1991 57.5 0.5848
1991 62.5 0.6633
1991 67.5 0.7386
1991 72.5 0.6171
1991 77.5 0.7202
1991 82.5 0.6384
1991 87.5 0.4740
1992 2.5 0.3329
1992 7.5 0.1872
1992 12.5 0.0737
1992 17.5 0.0484
1992 22.5 -0.0118
1992 27.5 -0.1406
1992 32.5 -0.1794
1992 37.5 -0.0722
1992 42.5 0.1846
1992 47.5 0.3482
1992 52.5 0.3867
1992 57.5 0.2875
1992 62.5 -0.0345
1992 67.5 -0.2248
1992 72.5 -0.2912
1992 77.5 -0.2717
1992 82.5 -0.4794
1992 87.5 -0.6955
1993 2.5 0.2997
1993 7.5 0.2450
1993 12.5 0.2009
1993 17.5 0.1896
1993 22.5 0.1613
1993 27.5 0.0875
1993 32.5 -0.0548
1993 37.5 -0.2159
1993 42.5 -0.1848
1993 47.5 0.0184
1993 52.5 0.2460
1993 57.5 0.4133
1993 62.5 0.4374
1993 67.5 0.5555
1993 72.5 0.6580
1993 77.5 0.4045
1993 82.5 0.2163
1993 87.5 0.0677
1994 2.5 0.3174
1994 7.5 0.2468
1994 12.5 0.1697
1994 17.5 0.1541
1994 22.5 0.1662
1994 27.5 0.2251
1994 32.5 0.3738
1994 37.5 0.4643
1994 42.5 0.4972
1994 47.5 0.5213
1994 52.5 0.4422
1994 57.5 0.3050
1994 62.5 0.2224
1994 67.5 0.2716
1994 72.5 0.1865
1994 77.5 0.2804
1994 82.5 0.3257
1994 87.5 0.2654
1995 2.5 0.3429
1995 7.5 0.3540
1995 12.5 0.3423
1995 17.5 0.3311
1995 22.5 0.3117
1995 27.5 0.2825
1995 32.5 0.2136
1995 37.5 0.1648
1995 42.5 0.3773
1995 47.5 0.7745
1995 52.5 0.9205
1995 57.5 0.9803
1995 62.5 1.2163
1995 67.5 1.2607
1995 72.5 1.3858
1995 77.5 1.5401
1995 82.5 1.3276
1995 87.5 0.8757
1996 2.5 0.1547
1996 7.5 0.2142
1996 12.5 0.2903
1996 17.5 0.3308
1996 22.5 0.3014
1996 27.5 0.1990
1996 32.5 0.1081
1996 37.5 0.0031
1996 42.5 0.0609
1996 47.5 0.1683
1996 52.5 0.1150
1996 57.5 0.2382
1996 62.5 0.5197
1996 67.5 0.8350
1996 72.5 0.7495
1996 77.5 0.7617
1996 82.5 0.8738
1996 87.5 0.9000
1997 2.5 0.6880
1997 7.5 0.5263
1997 12.5 0.4271
1997 17.5 0.3802
1997 22.5 0.2983
1997 27.5 0.2053
1997 32.5 0.1458
1997 37.5 0.1231
1997 42.5 0.3191
1997 47.5 0.6969
1997 52.5 0.9514
1997 57.5 1.0067
1997 62.5 0.9666
1997 67.5 0.7943
1997 72.5 0.5713
1997 77.5 0.4890
1997 82.5 0.4584
1997 87.5 0.2218
1998 2.5 0.6522
1998 7.5 0.5863
1998 12.5 0.4897
1998 17.5 0.5141
1998 22.5 0.5381
1998 27.5 0.5481
1998 32.5 0.6040
1998 37.5 0.6327
1998 42.5 0.7709
1998 47.5 1.0014
1998 52.5 1.0487
1998 57.5 0.8159
1998 62.5 0.5350
1998 67.5 0.5023
1998 72.5 0.7933
1998 77.5 1.1355
1998 82.5 1.6017
1998 87.5 1.8412
1999 2.5 0.0025
1999 7.5 0.0494
1999 12.5 0.1129
1999 17.5 0.1941
1999 22.5 0.3344
1999 27.5 0.5693
1999 32.5 0.7717
1999 37.5 0.7750
1999 42.5 0.7496
1999 47.5 0.8777
1999 52.5 0.8907
1999 57.5 0.7282
1999 62.5 0.4038
1999 67.5 0.1814
1999 72.5 0.2713
1999 77.5 0.7012
1999 82.5 0.8166
1999 87.5 0.9100
2000 2.5 0.1252
2000 7.5 0.1523
2000 12.5 0.1606
2000 17.5 0.1927
2000 22.5 0.2849
2000 27.5 0.3917
2000 32.5 0.5435
2000 37.5 0.5702
2000 42.5 0.6080
2000 47.5 0.7005
2000 52.5 0.6873
2000 57.5 0.6278
2000 62.5 0.8690
2000 67.5 0.9376
2000 72.5 0.8795
2000 77.5 1.3272
2000 82.5 1.1675
2000 87.5 1.1041
2001 2.5 0.3502
2001 7.5 0.3458
2001 12.5 0.3260
2001 17.5 0.4145
2001 22.5 0.5093
2001 27.5 0.5965
2001 32.5 0.7059
2001 37.5 0.6997
2001 42.5 0.6302
2001 47.5 0.6852
2001 52.5 0.8455
2001 57.5 0.8659
2001 62.5 0.9337
2001 67.5 0.9752
2001 72.5 0.9451
2001 77.5 1.2609
2001 82.5 1.2399
2001 87.5 1.2486
2002 2.5 0.6393
2002 7.5 0.5204
2002 12.5 0.4363
2002 17.5 0.4034
2002 22.5 0.4129
2002 27.5 0.4831
2002 32.5 0.5435
2002 37.5 0.5631
2002 42.5 0.6382
2002 47.5 0.8100
2002 52.5 0.8876
2002 57.5 0.8312
2002 62.5 0.9786
2002 67.5 1.1231
2002 72.5 1.2198
2002 77.5 1.4797
2002 82.5 1.3580
2002 87.5 1.1666
2003 2.5 0.6114
2003 7.5 0.5795
2003 12.5 0.5184
2003 17.5 0.5185
2003 22.5 0.5497
2003 27.5 0.5568
2003 32.5 0.5565
2003 37.5 0.4744
2003 42.5 0.4071
2003 47.5 0.5049
2003 52.5 0.8003
2003 57.5 1.2406
2003 62.5 1.6490
2003 67.5 1.6985
2003 72.5 1.4706
2003 77.5 1.0223
2003 82.5 0.5519
2003 87.5 0.1794
2004 2.5 0.5658
2004 7.5 0.5381
2004 12.5 0.4758
2004 17.5 0.4755
2004 22.5 0.5027
2004 27.5 0.5611
2004 32.5 0.6308
2004 37.5 0.6607
2004 42.5 0.7075
2004 47.5 0.8398
2004 52.5 0.9160
2004 57.5 0.8534
2004 62.5 0.7285
2004 67.5 0.5606
2004 72.5 0.5270
2004 77.5 0.5974
2004 82.5 0.3560
2004 87.5 0.2020
2005 2.5 0.5349
2005 7.5 0.5756
2005 12.5 0.5991
2005 17.5 0.5576
2005 22.5 0.5039
2005 27.5 0.4792
2005 32.5 0.4914
2005 37.5 0.5359
2005 42.5 0.6579
2005 47.5 0.9250
2005 52.5 1.1719
2005 57.5 1.4202
2005 62.5 1.6727
2005 67.5 1.8121
2005 72.5 1.9606
2005 77.5 2.3666
2005 82.5 2.3934
2005 87.5 2.4131
2006 2.5 0.5337
2006 7.5 0.5097
2006 12.5 0.4974
2006 17.5 0.4771
2006 22.5 0.4930
2006 27.5 0.5735
2006 32.5 0.6327
2006 37.5 0.6561
2006 42.5 0.8357
2006 47.5 1.0910
2006 52.5 1.1127
2006 57.5 1.0048
2006 62.5 1.0319
2006 67.5 1.3263
2006 72.5 1.8235
2006 77.5 2.7219
2006 82.5 2.8712
2006 87.5 3.1892
2007 2.5 0.3437
2007 7.5 0.3861
2007 12.5 0.3777
2007 17.5 0.4319
2007 22.5 0.4995
2007 27.5 0.5579
2007 32.5 0.6190
2007 37.5 0.6113
2007 42.5 0.7749
2007 47.5 1.1113
2007 52.5 1.1453
2007 57.5 1.2463
2007 62.5 1.5888
2007 67.5 1.9350
2007 72.5 2.2341
2007 77.5 2.8719
2007 82.5 2.8043
2007 87.5 2.6558
2008 2.5 0.2647
2008 7.5 0.2544
2008 12.5 0.2083
2008 17.5 0.2759
2008 22.5 0.3755
2008 27.5 0.4966
2008 32.5 0.6099
2008 37.5 0.5763
2008 42.5 0.6546
2008 47.5 0.8673
2008 52.5 1.0295
2008 57.5 1.1724
2008 62.5 1.1418
2008 67.5 1.3002
2008 72.5 1.7317
2008 77.5 2.1213
2008 82.5 2.0538
2008 87.5 2.0859
2009 2.5 0.6414
2009 7.5 0.6101
2009 12.5 0.5675
2009 17.5 0.5590
2009 22.5 0.5674
2009 27.5 0.6253
2009 32.5 0.6507
2009 37.5 0.5926
2009 42.5 0.5732
2009 47.5 0.5653
2009 52.5 0.5350
2009 57.5 0.5424
2009 62.5 0.7304
2009 67.5 1.1004
2009 72.5 1.6164
2009 77.5 2.2225
2009 82.5 2.4996
2009 87.5 2.7162
2010 2.5 0.5937
2010 7.5 0.6305
2010 12.5 0.6553
2010 17.5 0.7251
2010 22.5 0.7423
2010 27.5 0.7124
2010 32.5 0.6891
2010 37.5 0.6516
2010 42.5 0.6230
2010 47.5 0.7358
2010 52.5 0.9491
2010 57.5 1.0595
2010 62.5 1.3994
2010 67.5 1.9739
2010 72.5 2.4662
2010 77.5 2.9569
2010 82.5 2.9938
2010 87.5 3.4077
2011 2.5 0.2923
2011 7.5 0.3187
2011 12.5 0.3419
2011 17.5 0.3421
2011 22.5 0.3230
2011 27.5 0.4008
2011 32.5 0.5564
2011 37.5 0.5791
2011 42.5 0.5192
2011 47.5 0.6008
2011 52.5 0.7995
2011 57.5 1.1321
2011 62.5 1.5489
2011 67.5 1.9410
2011 72.5 2.5242
2011 77.5 3.0665
2011 82.5 3.0427
2011 87.5 3.2037
2012 2.5 0.4300
2012 7.5 0.3892
2012 12.5 0.3710
2012 17.5 0.3843
2012 22.5 0.4024
2012 27.5 0.4528
2012 32.5 0.6423
2012 37.5 0.7734
2012 42.5 0.8818
2012 47.5 0.8621
2012 52.5 0.8402
2012 57.5 0.7651
2012 62.5 0.9687
2012 67.5 1.5519
2012 72.5 2.3643
2012 77.5 3.4377
2012 82.5 3.6331
2012 87.5 3.8103
2013 2.5 0.4576
2013 7.5 0.5041
2013 12.5 0.5207
2013 17.5 0.5241
2013 22.5 0.4849
2013 27.5 0.5081
2013 32.5 0.5869
2013 37.5 0.6924
2013 42.5 0.8495
2013 47.5 0.9675
2013 52.5 0.9749
2013 57.5 0.9856
2013 62.5 1.2237
2013 67.5 1.3861
2013 72.5 1.4725
2013 77.5 1.7545
2013 82.5 1.4463
2013 87.5 1.0770
2014 2.5 0.6475
2014 7.5 0.6266
2014 12.5 0.6012
2014 17.5 0.6531
2014 22.5 0.7027
2014 27.5 0.6864
2014 32.5 0.6662
2014 37.5 0.6931
2014 42.5 0.7372
2014 47.5 0.8447
2014 52.5 0.9478
2014 57.5 1.1408
2014 62.5 1.4659
2014 67.5 1.7473
2014 72.5 2.0136
2014 77.5 2.4547
2014 82.5 2.1482
2014 87.5 1.9362
2015 2.5 1.0262
2015 7.5 0.8780
2015 12.5 0.7766
2015 17.5 0.8039
2015 22.5 0.8533
2015 27.5 0.8641
2015 32.5 0.8689
2015 37.5 0.9333
2015 42.5 1.0725
2015 47.5 1.2851
2015 52.5 1.3179
2015 57.5 1.4368
2015 62.5 1.5547
2015 67.5 1.6486
2015 72.5 1.9549
2015 77.5 2.4431
2015 82.5 2.2452
2015 87.5 1.9727
2016 2.5 0.8042
2016 7.5 0.8041
2016 12.5 0.7799
2016 17.5 0.8236
2016 22.5 0.9272
2016 27.5 1.0045
2016 32.5 1.0180
2016 37.5 0.9517
2016 42.5 0.9487
2016 47.5 1.0780
2016 52.5 1.2034
2016 57.5 1.4037
2016 62.5 2.0531
2016 67.5 2.7841
2016 72.5 3.3759
2016 77.5 4.2919
2016 82.5 4.2770
2016 87.5 4.1588
2017 2.5 0.5401
2017 7.5 0.6531
2017 12.5 0.7220
2017 17.5 0.7845
2017 22.5 0.8518
2017 27.5 0.9098
2017 32.5 0.9714
2017 37.5 0.9117
2017 42.5 0.8946
2017 47.5 1.0606
2017 52.5 1.2229
2017 57.5 1.3982
2017 62.5 1.8951
2017 67.5 2.3815
2017 72.5 2.8215
2017 77.5 2.9451
2017 82.5 2.3086
2017 87.5 1.9568
2018 2.5 0.5887
2018 7.5 0.6010
2018 12.5 0.5915
2018 17.5 0.6063
2018 22.5 0.7103
2018 27.5 0.8348
2018 32.5 0.9375
2018 37.5 1.0073
2018 42.5 0.9860
2018 47.5 0.9214
2018 52.5 0.7959
2018 57.5 0.9219
2018 62.5 1.4492
2018 67.5 1.8347
2018 72.5 2.2126
2018 77.5 2.8418
2018 82.5 3.0641
2018 87.5 2.9177
2019 2.5 0.7989
2019 7.5 0.7484
2019 12.5 0.6750
2019 17.5 0.7220
2019 22.5 0.8237
2019 27.5 0.8131
2019 32.5 0.7644
2019 37.5 0.7797
2019 42.5 0.9109
2019 47.5 1.0870
2019 52.5 1.2228
2019 57.5 1.6388
2019 62.5 2.1640
2019 67.5 2.4394
2019 72.5 2.6582
2019 77.5 2.6469
2019 82.5 2.1750
2019 87.5 1.7313